1929 52.2
1930 47.1
1931 52.4
1932 52.5
1933 53.0
1934 52.0
1935 51.8
1936 52.4
1937 51.5
1938 53.1
1942 51.3
1944 50.6
1945 51.1
1950 50.8
1952 51.1
1953 51.4
1955 50.4
1957 51.1
1958 49.5
1959 52.2
1960 49.6
1961 50.7
1962 50.9
1963 49.8
1964 51.1
1965 51.7
1966 49.8
1967 50.5
1968 50.1
1969 49.5
1970 51.0
1971 51.2
1972 50.8
1973 51.7
1974 51.9
1975 52.1
1976 50.0
1977 51.1
1978 50.8
1979 50.7
1981 50.0
1982 51.6
1984 51.4
1985 51.6
1986 52.5
1987 51.2
1988 50.0
1989 50.6
1990 53.5
1991 52.2
1992 49.0
1993 49.8
1994 50.1
1995 49.5
2000 50.1
2001 50.8
2002 51.2
2003 50.3
2004 51.2
2005 51.0
2006 51.1
2007 51.4
2008 49.9
2009 50.2
2010 49.7
2011 50.8
2012 51.3
2013 49.1
2014 48.7
2015 51.1
2016 51.2
